0     40000.0     40000.0     40000.0
1     40800.0     42000.0     44000.0
2     41616.0     44100.0     48400.0
3     42448.32     46305.0     53240.0
4     43297.29     48620.25     58564.0
5     44163.23     51051.26     64420.4
6     45046.5     53603.83     70862.44
7     45947.43     56284.02     77948.68
8     46866.38     59098.22     85743.55
9     47803.7     62053.13     94317.91
10     48759.78     65155.79     103749.7
11     49734.97     68413.57     114124.67
12     50729.67     71834.25     125537.14
13     51744.27     75425.97     138090.85
14     52779.15     79197.26     151899.93
15     53834.73     83157.13     167089.93
16     54911.43     87314.98     183798.92
17     56009.66     91680.73     202178.81
18     57129.85     96264.77     222396.69
19     58272.45     101078.01     244636.36
20     59437.9     106131.91     269100.0
